1000
-725 165
735 643
564 -871
-478 -759
14 558
-80 -33
334 -223
615 -571
-808 -1
-942 829
711 -202
-114 244
561 571
-996 425
-88 -455
477 642
-532 210
935 -791
846 -350
-938 -955
-948 330
108 -982
923 804
-220 405
-557 984
-136 486
-941 80
-546 564
-104 923
15 132
-523 -293
-528 386
-552 558
-59 950
-407 897
-956 -148
715 876
139 888
315 -796
-620 288
482 761
-393 -753
521 -319
834 477
993 456
25 917
980 -136
39 699
864 372
-612 -379
-419 203
993 807
22 733
926 34
-195 206
747 -930
-17 -503
523 633
-173 -152
361 -646
-249 123
807 439
588 381
511 -233
-823 -102
359 41
-779 594
-665 66
720 -195
-242 2
500 -940
-39 -911
-369 440
737 259
214 184
-194 325
-652 -655
28 -536
-975 578
-592 105
884 761
122 -525
-172 52
-296 950
735 183
-277 -60
863 -449
350 122
247 960
493 -989
-215 604
755 680
955 814
921 516
49 657
-736 62
592 149
-580 -128
945 -886
-15 781
-254 167
135 -591
927 33
-154 -7
665 -270
-152 -292
-997 102
106 276
610 254
-322 -62
228 -943
647 -530
301 -638
127 196
-630 763
-813 635
128 632
743 672
906 -478
-934 723
932 378
-856 -830
777 -966
-73 -971
544 547
-425 -489
-450 -776
632 279
-622 -295
-406 -858
-658 -674
-478 80
949 -656
344 -442
327 457
-397 -69
438 -341
16 -30
-767 -952
-362 -209
-297 -138
630 -615
-471 -778
-481 842
495 44
1000 -572
977 240
-116 673
997 -958
-539 -964
-187 -701
-928 472
965 -672
-88 443
36 388
-127 115
704 -549
1000 998
291 633
423 57
-77 -543
72 328
-938 -192
382 179
645 -343
351 292
-127 -880
510 -389
-743 982
-566 793
-903 -373
-856 758
-844 -365
878 923
-390 523
-676 -148
156 -484
-733 -983
148 799
741 -923
209 678
-555 970
844 167
-57 -649
695 777
781 994
597 441
275 42
-924 -226
-590 -290
-798 -579
174 380
836 -114
211 -603
8 -787
920 363
-202 -394
32 23
-965 -334
253 785
-177 842
-424 -963
-679 -589
756 -329
661 153
602 -724
-306 -121
-564 -455
381 -803
715 -224
909 121
-296 872
807 715
407 94
-8 572
90 -520
-867 485
-918 -827
-728 -653
-659 865
102 -564
-452 554
-320 229
36 722
-478 -247
-307 -304
-767 -404
-519 776
933 236
596 954
464 817
1 -723
187 128
577 -787
-344 -920
-168 -851
-222 773
614 -699
696 -744
-302 -766
259 203
601 896
-226 -844
168 126
-542 159
-833 950
-454 -253
824 -395
155 94
894 -766
-63 836
-433 -780
611 -907
695 -395
-975 256
373 -971
-813 -154
-765 691
812 617
-919 -616
-510 608
201 -138
-669 -764
-77 -658
394 -506
-675 523
730 -790
-109 865
975 -226
651 987
111 862
675 -398
126 -482
457 -24
-356 -795
-575 335
-350 -919
-945 -979
611 895
-395 487
221 -345
-79 -199
-359 -184
-872 -869
870 -351
986 231
986 -67
-772 -488
-560 607
265 593
825 111
776 409
-40 355
-272 -470
-625 109
-575 -371
-593 -496
-262 -834
679 -425
-817 542
-83 -815
335 176
317 -306
926 -535
-201 979
-372 -916
-330 -618
-352 623
734 185
829 886
-380 -497
-316 -794
114 252
185 653
220 -812
-499 -550
-959 655
-501 -178
-852 -452
128 776
-855 493
-847 -956
301 -980
-405 537
622 -265
10 -40
766 759
-685 -794
26 592
628 -329
-843 42
944 362
-646 -633
589 -694
-711 682
772 -346
-375 -782
452 53
709 882
232 -399
-742 830
-577 -710
117 864
479 -935
596 -353
681 849
276 646
376 857
132 721
932 528
412 -580
-636 -388
-114 100
-677 -901
463 765
367 -494
-483 592
-869 396
973 -86
655 -120
124 -488
108 -101
743 101
-72 -978
-190 712
-307 -649
-472 -6
-951 624
323 910
-147 999
168 -962
-873 416
-274 187
-717 215
-744 -717
-470 697
-433 -186
155 -179
-648 254
-818 -522
-5 -985
-637 82
-351 25
828 328
885 -103
904 405
308 497
-538 -512
-360 13
406 -20
958 -540
459 -156
-310 147
251 857
491 879
338 -437
991 323
-551 -902
887 -854
563 47
321 796
-245 -674
47 568
622 808
-583 -362
-389 418
-387 738
131 -239
-662 436
436 508
-49 217
-826 753
-748 836
241 966
52 169
-228 -639
-681 -487
-127 -555
928 166
473 551
602 -894
13 395
-194 468
304 -288
-214 54
731 -663
114 494
-917 73
-815 654
-478 287
-794 -453
509 869
-829 964
996 -716
984 588
263 724
980 351
406 434
-833 -89
742 892
-507 989
742 -217
925 643
850 -114
-187 -663
863 -334
-103 -742
274 861
-1 964
-566 -756
-117 230
93 -164
862 -759
352 -395
-432 -492
-225 535
145 -992
965 -612
82 -102
185 -957
-937 285
992 240
-504 710
-467 -577
-646 -417
-697 110
-590 -441
-363 199
551 -487
704 399
-86 620
763 656
751 993
-656 116
-269 5
-140 752
-751 575
-573 168
800 -216
-581 -419
660 -779
851 653
-951 -759
165 530
-973 116
-393 976
380 558
483 993
329 -721
-847 24
-235 172
649 -363
-105 30
387 -270
553 82
-338 -999
-747 -95
470 -80
-283 -376
104 -183
-305 603
497 399
170 8
-769 326
879 -227
-217 -583
140 -993
-432 301
225 479
805 512
698 491
46 -593
890 -55
230 709
58 -163
919 525
458 -375
439 -652
-80 269
369 87
-596 -264
77 -993
389 -203
186 -128
987 -171
-312 763
273 196
995 502
432 838
981 533
-862 9
527 -493
311 980
328 -405
289 -958
-167 477
288 -681
297 595
919 -187
602 -447
733 -636
571 -850
669 589
239 -980
-285 869
-459 634
450 -158
789 402
114 -379
-689 -54
705 -469
-8 -653
-44 45
-908 -446
45 -799
525 209
-135 -858
-273 -863
345 -94
-960 -664
38 454
937 -669
414 -810
-177 302
410 -436
239 -377
-573 81
-575 -515
814 -317
-449 -860
-847 431
701 864
71 349
-246 -42
47 142
508 -899
-655 -392
337 505
461 669
139 -448
-272 248
515 -525
-197 149
-182 -648
-10 617
-469 775
250 -325
466 -545
-471 973
249 447
-500 728
353 -938
744 841
778 274
-176 -352
900 -116
911 559
-492 608
-449 -612
-852 281
499 -661
783 992
186 -92
190 870
910 491
-697 241
936 -464
-60 78
-668 -717
594 -718
830 465
-98 -261
-366 538
-180 -508
-763 470
-578 471
395 -375
-861 -783
-534 -187
-342 8
901 -796
956 -618
-908 -887
657 223
-953 820
540 -557
399 -929
12 441
82 668
482 974
816 255
-95 -299
357 715
-438 -759
255 418
-647 -805
-546 -182
-523 13
-79 -227
537 -655
993 -526
-518 679
-420 -53
120 187
-203 -567
-75 464
-472 -324
16 215
-773 862
-563 -839
-906 -969
633 -990
756 -17
-346 820
-216 736
188 -412
881 -599
-181 -673
802 688
553 323
-689 625
871 -938
-969 -207
-703 794
361 111
-884 156
-223 -480
-734 -838
-53 335
720 -379
855 -971
-928 99
-876 75
721 -736
-913 911
-440 599
-760 -115
-814 -611
-944 23
305 -734
524 -429
406 673
731 -607
357 -84
-202 -325
292 -452
985 -468
314 301
-503 -498
-877 204
915 613
209 -642
-284 -123
239 429
147 307
69 984
-876 853
-277 120
-155 102
-592 457
802 98
-132 883
356 -857
461 -453
522 250
476 991
540 -852
-485 -637
999 -803
-691 -880
881 -584
750 -124
745 -909
-892 304
-814 868
665 50
-40 26
-242 -797
-360 -918
-741 88
-933 -93
360 -738
833 -191
563 449
840 806
-87 -950
508 74
-448 -815
-488 639
-334 -825
-382 -930
760 -214
-881 500
-466 -359
505 -734
-467 627
-222 652
-761 752
388 -378
-808 -130
723 -498
29 141
-580 -324
890 -307
43 604
-200 958
834 196
-15 -786
-735 336
668 -82
72 144
473 728
709 190
436 65
96 -939
836 703
-404 522
-679 -591
-242 -203
67 -336
-801 -162
-293 -742
177 -868
-911 -385
669 636
333 92
-358 -145
-390 -348
-278 -442
-334 533
532 65
26 -983
77 -751
-696 -351
872 488
-334 607
-330 173
-860 -75
-428 -18
-70 869
-255 899
518 986
-221 670
821 895
-840 888
185 641
-886 -725
-901 72
7 178
747 -485
605 -498
439 175
529 -307
-260 929
632 317
-242 -176
-371 -49
225 -303
89 39
-657 -941
-697 -488
407 -548
152 -727
857 -770
-622 569
-159 923
490 269
-898 662
-797 117
395 -456
463 -781
-582 -465
-864 294
169 78
312 -840
751 -851
626 742
-555 317
716 -645
47 765
-116 -956
209 -247
843 735
-4 454
653 -419
-550 825
-590 224
10 772
840 828
-519 -129
-74 383
-249 115
869 934
-614 634
-13 486
-852 667
721 999
-475 -166
-588 -984
529 89
577 -221
53 794
-3 -844
-174 261
807 44
630 184
197 -129
-918 -280
743 -62
-987 -612
967 -387
425 415
314 -989
107 -755
683 -381
49 816
529 -354
988 590
112 321
171 129
-422 76
-158 110
924 676
898 952
60 -164
234 290
190 -370
-74 -382
-732 36
-91 200
-713 126
582 1000
995 -667
-483 303
-981 -132
507 354
158 -926
-246 -139
-177 -424
917 349
833 538
371 -963
840 -815
894 -816
733 -991
-215 -450
-49 -444
630 600
-237 302
534 745
-15 574
-311 -205
-66 645
-762 -10
-274 -704
-150 -697
-963 -648
667 -468
-247 756
-740 207
610 -412
944 -155
-472 923
52 -412
514 -139
415 -440
-113 -313
591 871
-6 -559
465 699
6 944
989 -177
466 -130
-813 -869
-735 -578
979 -694
-531 495
-947 -789
-482 -682
-18 586
950 -798
-183 330
481 -617
708 -994
-818 -125
253 955
-896 125
-553 94
-136 -290
-904 937
334 985
896 -789
504 132
390 -141
709 375
517 -758
-457 401
-430 -634
-18 648
624 442
756 -903
610 -562
386 319
-822 774
-202 -747
369 -84
-398 396
40 19
853 -195
-763 241
748 -19
-784 -695
-209 256
854 438
-588 -658
66 -473
-147 522
818 915
99 -409
779 8
297 832
659 115
869 -561
615 555
277 -310
763 -5
-790 -983
551 493
346 -290
896 812
983 451
-453 -885
107 280
-99 -386
556 851
725 -794
-532 40
-438 -447
446 -496
-157 -697
-734 -476
-601 -165
148 290
225 850
966 -881
91 708
247 43
-696 937
-153 -447
-427 -17
424 -374
-454 6
-561 21
-247 226
-37 -506
-307 -640
240 554
-629 513
802 188
421 -77