1000
-4060 -3249 -1436
-2392 3659 -4890
-1456 3011 4057
-1063 411 4451
-2249 3098 -3901
-464 -4367 1166
2689 -3339 2621
-4786 -2670 -3880
4818 2490 -4044
2847 566 2033
4963 2641 2861
-72 1162 1189
-4407 -4722 -1314
-1763 602 1292
-893 -2164 -641
184 -2776 -1697
-3090 1804 3963
-2424 148 2597
-1959 3483 2632
-3281 -269 -3075
-14 -4955 3312
-481 3416 4709
-292 706 3380
3403 -39 3117
3097 -2569 4868
2793 -1521 3073
4517 -4403 -4896
-2431 4247 4639
664 -4531 -1815
1432 -2620 2216
924 1823 -1202
671 -2110 1788
1144 3272 -40
1334 4636 3613
-3207 -3221 1732
-3014 2455 3639
2600 -1599 -4209
-4138 1589 -2308
3718 -1954 51
509 -2434 3182
862 713 4042
-4528 2129 4182
-1910 -112 3102
-4116 528 -3894
-636 -4617 -1732
-3308 2913 -3580
1822 -4185 1532
-414 3140 1440
-79 1064 3438
2691 1579 4115
-425 -2801 -2515
437 -3095 -1132
76 -2303 308
4450 -4802 -4424
2064 4245 -1163
-4554 -1422 3913
2595 -2646 2038
-4474 -929 1264
3225 -3703 4468
-4665 -1520 4472
-2282 358 -338
3706 -3489 2234
-770 2754 -2158
1523 676 1629
-863 -3506 -4451
-3352 3624 -1486
-3331 4977 2467
1855 3667 2717
-2666 1113 -1024
-2676 1541 -3336
175 -948 -3670
-211 540 4711
1181 1430 2618
-4816 -4335 -4535
1592 -1840 3091
-1752 3095 -4180
2169 4280 690
-542 397 -3364
4812 4931 -3484
-1822 2833 -2309
18 -2997 1824
2484 1547 -863
-3531 -2441 -3820
-4263 -4793 -1721
-3027 -4008 -4129
-576 3645 -203
-2298 -1195 4497
2826 399 -3413
1243 3618 -924
-2438 2090 385
4823 4681 294
-4633 1034 -1608
-3321 -1950 3617
-2332 -4907 1085
3400 2355 981
-4739 -2558 603
-3907 -2011 4702
301 -3196 2972
3269 -3139 4704
-3407 -841 3098
-899 2622 -763
-569 -2859 -1427
-2723 2303 -862
4734 2850 1741
2145 2379 293
-3114 -3348 -2596
301 -1955 1504
1549 -1275 -1706
3248 -450 1714
186 2106 3701
-4005 -4011 -4194
-2196 1542 2411
251 -1279 2356
4465 1611 -1884
763 720 1696
-4188 -1593 -2145
206 -4780 2197
1492 -809 -1096
-534 -744 2983
-554 1903 3676
4454 -946 1083
-4214 -975 -972
-3043 -4422 2572
-2665 -4897 2993
2860 -2911 2676
3773 -4217 278
2094 1951 -3634
3315 526 4156
-1927 4258 1749
-2374 59 2075
-3139 -1103 1485
-2566 172 -723
-2644 4862 -4841
-2831 -4167 1025
73 -1994 -4190
1062 2217 3500
4920 3443 -1905
4666 -1126 -265
-2350 -4664 -358
-1218 -1191 -3644
3902 -367 -1041
-3975 -967 1326
-4330 4034 -4227
2225 234 -2815
-380 3957 3921
-2510 4745 2950
3279 -264 -4900
1178 -3003 -3163
1561 2030 -209
4908 -2549 -4009
2185 -991 178
-409 -2090 3502
2968 3217 4650
-2664 -3599 -3280
4372 95 -4537
443 -401 -759
2865 4902 -3307
-486 -4650 1462
-3940 534 555
-464 -877 -2230
4885 -1635 -4732
-2059 -783 3388
1511 3281 -1973
3042 2568 1267
4029 278 1304
2779 -4428 -2555
2660 -1221 4723
3697 -3320 1183
3169 -3196 -3579
-2303 -2767 3001
1641 3744 -692
-4354 4886 -3878
4114 -2509 2672
-1622 765 1706
-1287 1485 2168
949 4250 -4493
2089 2094 777
-2547 -4391 -4821
-3615 2586 -3597
-3400 4576 -4094
1689 1620 -2299
4920 -2841 -2290
-2476 3901 -1392
3209 -381 3041
3298 -897 2516
-2179 3814 -440
-1955 -1216 1462
-3445 3408 -1192
2339 4110 -4087
-3365 -1496 -3042
1390 3089 2785
490 1247 2450
2078 -129 2678
-2562 313 -178
-215 3804 -407
-244 -1006 -3503
-3259 3209 -4498
1873 -3406 -1786
-4930 4902 -435
2726 -233 4116
-1539 -4889 2606
-4258 3364 4698
-2619 1632 -4974
3714 -3323 289
3908 575 1601
367 1689 -1612
-3667 4099 2032
-4863 -2464 4395
2549 2895 -2804
1057 -397 -1502
530 2885 -4194
969 -1339 2285
-2289 1927 -388
-1369 -1891 -1381
-3363 -3940 3174
3236 2487 1525
3183 2122 -4984
-1325 -3251 3168
-1439 -2726 -1773
1522 3051 -3779
-4822 -745 1658
4264 1931 -584
4773 -501 -3622
-3090 -868 -2368
-2434 4041 2109
4193 -4257 -3577
-4512 2571 -3650
2847 1274 786
1835 -3190 3144
-2648 -49 193
-4969 -4973 -2972
-256 2184 107
4092 -24 2114
-3911 3218 3760
-3148 2392 -4708
-2444 -651 3560
4353 -643 -4203
-2284 1843 3303
2100 448 -650
-1697 -3017 4272
629 -3308 4304
3960 -2080 1154
-4556 -1131 -3501
-4093 -33 296
-3591 4227 71
-686 -895 -672
-3618 -3805 2213
2429 2782 -1728
3333 -2741 4128
3296 -1664 -227
-2631 1655 -4105
3443 -1497 2464
2056 2206 2390
2426 -49 -3418
3111 4678 2072
-1551 3650 401
2048 1091 1198
-1151 -2508 2683
-3295 -3384 1932
-784 2161 -214
-163 -1179 1919
-2651 2561 4801
-4746 2013 -2248
-2755 1335 120
1314 388 3195
3587 3324 -655
736 1100 1444
4323 904 -4255
1694 -409 324
-3552 -4731 2699
1331 -1334 4669
-544 4274 1580
-2758 4687 -1706
1880 -1378 -503
-4743 -1816 -3766
-254 864 1781
708 1722 -946
4247 4997 4310
-2098 -2150 -2073
-1105 -4615 -2217
3621 104 329
-1172 372 -840
-4826 631 -3978
448 3028 -2216
-2783 4852 4907
-607 -4111 -1722
2980 -3232 104
4843 4091 853
-3459 231 -3279
-4186 1507 -2383
-1197 -4001 4825
-4035 3007 -4525
-4274 889 2963
-2419 4378 2251
-725 4565 1656
-3314 4955 -4797
35 4096 -2559
-4088 1982 -897
-290 -3982 -2695
653 4042 2474
4503 -1353 -4793
1000 2474 -2133
-3523 1330 249
3832 4281 -3450
-432 1458 -105
948 4512 -1907
1711 1325 -1982
3362 -229 3462
3599 -2849 339
4125 910 595
2085 2608 1292
-2039 4824 3485
-819 -1903 -1793
-3939 -4862 -3085
4391 -15 3378
-206 63 -4100
-4612 -860 498
3550 1671 -3898
-2156 428 3255
-3219 4103 -882
-270 -3467 2753
-2584 -4299 4579
2020 -3393 -1854
-3610 -737 4378
-4286 -4044 -4188
-3525 954 -4030
923 -3181 -3971
-2264 291 -576
-2622 2632 -3799
3907 -3509 -4447
4090 -1163 4024
-1376 -4917 -3254
-4489 -2117 3822
-2532 -4025 -4292
3661 1120 4729
-1892 -3756 -4654
-28 2210 3053
483 3092 1450
-2570 1731 4741
-2791 -283 -2428
-2088 -4206 218
-526 -1418 -1929
-2753 73 3495
-2678 -2169 2201
4981 -2814 -4220
-4752 2077 408
4985 1541 3042
-4894 1553 2614
1182 595 2137
396 945 -1
4166 -32 -4958
-173 -2405 3450
3461 2671 -2172
-734 2284 -3285
2549 -1144 2203
-3544 2235 -2866
1760 -3427 -3874
4215 -4340 -2623
-144 2384 2513
-588 -1021 3888
-2975 3141 -1535
-1552 4059 616
4738 -689 2522
2833 -2653 -2789
294 4149 -4462
1894 -3272 709
893 -3657 -4696
-3506 -2460 -301
-3296 -1266 1151
-2952 1374 -819
-2598 4572 -369
-2399 4928 3847
-1500 1409 1663
2694 -3289 3421
2800 764 -2515
1902 2787 -87
-161 2602 -2529
2395 -4772 4555
-1361 4058 4912
1550 3722 1704
-2784 -3893 2558
-4649 -252 751
4850 -796 -4526
-2789 4560 4891
-4427 2447 -2506
-1891 1154 1616
-2165 -1593 3012
3565 -4508 -3769
3736 -3160 4593
346 -335 4167
-1485 3416 -2285
-459 -1451 -1358
806 1053 3211
-400 1536 -2836
260 -3109 -1554
3197 4568 1053
1621 3327 3639
-1070 3918 4329
3155 1658 -4435
1787 2005 2227
-4564 -3574 -364
-1784 -4387 -2903
-1232 1919 3799
-2186 588 -905
4426 3990 4515
4215 2421 4720
-3010 -2185 1266
2842 197 -4360
-148 -2614 -2604
223 -4477 3009
1636 -2351 -335
-3511 3783 3807
1983 3833 2162
-2650 -1956 1587
1069 -4340 4796
-4099 -665 496
3919 1173 -4732
3294 -2651 4661
-1174 -4962 1850
1096 -4274 -3699
4288 -2682 3646
-1577 2169 1960
1407 2382 2877
294 -4296 1980
-1514 1589 3717
3973 1190 3001
4683 3748 180
2738 2725 -2971
3269 4351 1182
3596 -1247 -3094
3460 -1935 1903
-3827 1441 872
-1620 4589 -4701
1105 2793 940
1511 1594 -4619
637 963 793
4051 -1319 -1764
1327 -4707 1390
-3632 4962 3631
-527 1677 4713
-1793 4712 -608
2034 3478 4977
634 -350 504
2817 -1005 -4807
-1162 3966 3656
3553 2408 -1074
-978 246 3329
-3932 -4153 4628
1471 -3035 -2302
-2935 -3650 -2520
-621 -4460 -3760
1987 -407 2161
-2074 -4623 -2180
1538 -2436 -735
226 -2417 3649
279 -4638 2787
-4779 1291 -234
-1205 731 -1262
3950 3708 4461
414 -706 -2880
1017 4222 1619
2066 1427 4945
4208 -16 -334
710 110 -1221
776 -2365 -1086
2690 -1009 2442
2743 -4470 2430
2003 -3936 -1594
1260 -615 -3017
-3268 4026 -2086
2859 337 920
1528 -3631 4376
4558 2148 4630
4390 -315 2093
3459 2585 -1652
-1710 517 3586
-1963 4494 -2404
-1229 1176 1600
3582 4457 2598
3122 -3161 -988
4530 2513 4680
2105 631 3546
-1335 1588 3325
-14 -1397 4710
836 -1209 3619
-3866 4665 334
1471 -4744 -1064
2588 1330 -1964
4591 -760 -3499
4071 -4992 1553
662 -2982 2031
-1408 4448 -4570
-255 4478 1973
2113 4758 3393
4909 3944 -4337
3377 -225 -1274
-1485 1542 1309
-719 -676 4406
-3957 1019 -552
2039 -4042 2353
3627 -4389 -2628
-543 -3057 3994
3847 2638 3750
2136 -3343 3127
3695 -2477 3835
2797 -73 -2983
-2045 -3756 293
4480 335 -3422
180 -674 231
-1127 -1750 -617
2323 4703 -2971
934 -4544 -3707
3746 -4694 -2586
572 -2900 412
4315 1641 757
3607 4644 719
-161 -2569 -2157
3893 -4335 4889
-2628 -107 3635
-1717 3860 -4726
-4264 -1484 1479
2633 1808 2582
-2174 474 -2738
-3325 3985 -1019
-2337 -4319 -4027
2054 4898 -2952
2750 -1410 107
374 418 717
1290 -1808 559
1562 -4265 2539
-2987 -3317 2115
-2123 2177 2305
2659 554 -3616
1980 448 -4995
-3431 -1995 -3076
1777 987 2129
4109 -3270 1942
-2156 3023 -4416
1977 -1 -809
1831 4247 1916
4738 -3474 3129
-1554 538 214
-506 -3773 -4951
-3575 -1602 4733
-2461 -4112 627
-4384 -1805 -4617
-2686 1723 -1294
-1962 -3411 745
3581 638 4034
3669 853 4868
4015 -206 3833
-1861 -4750 -1805
3395 -867 -220
-4329 1435 227
-4546 -2399 -1483
-898 -4520 -3654
-4420 2294 -308
1901 -2806 3946
-2400 -2901 -3036
-252 -3218 363
-3075 1000 1963
2784 623 4959
4528 2744 -3165
1368 3036 -1027
2372 -3533 2308
4833 -4862 -91
3735 -4092 2582
4528 4684 3903
-486 -787 -3164
1718 1140 -2252
4780 685 -1314
411 -2469 4825
-1620 -1945 -4905
-940 -2395 -2516
4439 -1639 -4620
2978 3026 3722
-4549 4111 4618
-3713 -4261 1041
-664 -4574 -4656
2969 4293 1771
4950 -4840 30
4025 -4025 3126
4804 1191 -2281
4779 3311 -3905
-4027 4139 2240
-4639 -4911 -1903
-167 3693 -3381
-4195 -4899 -618
-785 -3859 2935
-1613 256 -736
690 -2161 -4721
3999 -3070 -1039
-4267 632 3924
-3131 3272 -634
-2560 -2777 1441
-2740 -498 -1978
-3228 -688 -4841
-3559 974 -4907
952 -4104 2341
-3050 2025 -2739
4875 1864 319
-3089 1462 4408
2566 -683 3136
4890 -4207 -3038
3184 896 -2580
-1476 -4782 -4666
-2542 -4053 4642
-3357 -845 432
-4657 575 -1130
-4200 4030 -1954
-2115 -2557 -2449
2748 2346 -3711
1599 -3158 3519
1836 1612 -16
3512 -319 -2118
-1194 2433 3414
-267 2650 -1936
-2405 -1957 -1259
695 -3287 2034
-1006 -4456 3252
3361 -3210 -465
-3932 1953 -4978
-4115 -1271 -2872
-3876 -4641 -4193
1708 -1040 1787
-4502 -1996 -4393
4399 1780 3862
2633 2317 477
2094 2760 -3331
-599 1545 305
3135 -3237 2014
1723 499 -4214
4276 -4753 -2502
-732 -1102 -3051
3939 -1078 -3957
855 4854 4729
-3248 -4970 1149
-256 -4162 -463
2765 -3346 -3592
-4852 -577 -1146
1889 -1121 -3149
-3750 -919 -198
5000 2434 -257
4038 2816 -3378
438 -1640 -3517
-3315 2283 4916
-2 382 -3425
-364 2453 -3804
3738 272 -1473
4579 13 4833
-3039 -4142 -189
1699 3754 4710
-1400 -4946 997
1926 -4014 1749
168 1125 1771
-4293 -1315 -793
3667 -3646 -4457
1935 2880 -4132
198 2495 949
-3103 -376 -804
4431 -119 -242
-3404 2912 2244
3518 71 2709
1757 3710 4177
-1381 2795 -802
-3739 257 -3956
-760 -3933 1808
379 2778 913
-268 3684 -4813
-3066 -3403 1306
-3075 600 -3254
1869 -3 4427
3295 -1689 -2424
-4087 -584 3611
2814 -1893 -1839
-4852 -1291 -4061
239 -4375 -3268
3713 -2117 341
-2592 744 -2975
4418 -4994 -4384
4568 -4728 1087
299 -539 -1072
852 -2289 -2554
-4069 -2371 -906
2436 1434 683
2712 -4528 -4659
4110 -1398 1912
-4433 -264 701
2124 -2667 2061
-4259 33 4625
2276 -1225 -3068
1077 -1709 -1677
3176 4864 -4659
-4589 -4467 1644
-4662 -2164 -11
-3995 3655 2004
3309 -1559 1840
2562 840 -79
4015 4529 -3986
98 -3931 1636
3496 4561 -2774
-4032 4884 -3832
319 -3952 4743
-1238 -4039 -1620
-1671 1584 -3974
3414 -1692 862
-1825 -3710 -3180
-862 3685 3597
-4819 3310 -2345
787 -1392 -4243
1619 2398 -4710
2201 -3804 4760
2778 -4841 -1483
-3046 2913 -4683
2437 -1062 -1232
2812 3640 1886
1499 -1183 -4244
-4408 3928 -766
-3787 -4735 488
1068 -2290 -1766
4091 -4792 2590
-2135 3022 -163
-4309 2940 -3748
-2588 -1775 4298
577 3237 4408
-1131 3203 2479
210 -3948 4293
-2308 -4799 4399
2606 -3946 -1848
-3278 560 2711
-1683 2304 1254
-886 1745 3163
131 -3644 -3785
-4041 -2179 -3976
4887 -4613 826
2141 1817 -3596
-2411 1172 1044
-2651 -4265 -2767
-3477 4586 -3352
304 2366 -4606
-1246 2698 -4156
-4465 -3188 3415
-2608 1438 4676
-877 -1025 1101
-1087 1359 974
-1517 2857 -1045
-2788 -332 -3870
-4583 3429 4386
-1934 -1143 -2860
-3681 4497 -2779
3792 751 4382
-470 -3856 3237
552 -4960 3703
-1561 -38 -1154
-3775 4684 -4401
-1944 -175 -4160
3093 4598 1445
3033 4623 -4201
-3996 368 3460
791 -1327 2629
2450 -1206 -962
4121 -2088 -2324
-876 -796 2624
2127 2431 -2302
339 -2746 506
359 2807 2827
-1440 -1640 4556
-4200 -1618 -4785
-1272 -659 1068
-1574 2230 -1339
-2629 3980 -4583
-2283 -1488 4927
3611 2984 -1934
547 -1404 3621
2599 3677 2992
4931 -3748 728
-2869 -763 -4325
2101 -254 -2065
-2945 779 4368
4324 -2452 3816
286 -4849 -1207
-3982 -2015 1257
-2940 4337 435
3968 -2071 -4190
-3161 -3944 3861
2176 1361 -4272
-4496 -3493 224
-4751 -3276 1654
-1705 3026 2581
-4678 -1082 4834
-930 -3553 1801
-2154 -472 2634
-49 824 158
360 3641 -1566
-4154 997 -1203
4482 189 4565
295 2017 2847
-247 -2183 1704
2638 -555 3004
-956 3036 1659
-3425 1980 -3592
2220 -3016 -801
-3558 3397 -1224
-3670 1938 3097
-1669 94 -1083
-3443 3259 1115
-4508 3149 -2690
-4739 -2014 3556
883 397 -2806
-1943 2219 3420
3479 3365 -485
-187 654 4903
2819 -345 -2370
2151 3630 -2148
-1830 -1300 -2536
-1932 4934 -3800
-3908 -735 -2786
3711 -4483 2461
1452 -1574 -914
294 4946 2032
2676 913 63
640 -4385 1903
-4999 585 3338
-2186 -267 -2606
-1715 -390 -3841
-3742 -1830 -1334
-3605 1351 -889
-1590 1014 3133
-3220 -2066 3670
-1893 4420 454
1117 -1485 -3081
-1326 4531 -32
165 3596 2774
3583 -3198 2298
4054 -817 -3514
-4198 972 -434
-4956 -2022 1725
-2228 -4776 -2983
-33 -3519 -11
-2165 4383 739
1212 4659 -3364
1815 -494 -4583
2043 13 195
-187 -76 3176
-469 -2447 485
-4956 -1285 -1685
-3040 -2959 531
304 1954 659
560 1928 2233
-1978 -513 1782
2660 3940 -323
1934 -378 -3328
-406 4508 618
-1500 1486 2010
-61 -681 1487
2133 -4918 -1762
2186 4078 131
-2097 4834 3914
-1708 -985 -2160
1451 3824 4232
2139 4828 -3310
-3457 -3739 4883
1735 -1895 -1621
-3285 4561 -3835
4498 4753 -1809
2693 826 2958
-39 3060 4363
-1958 916 -4651
-3460 2708 -4433
-1092 -2895 -225
2819 2269 476
-1711 -2883 241
439 3985 3408
-454 -3830 -1512
3246 215 -2733
4382 3483 -137
2425 -4052 -3458
-4016 -1950 -1315
-305 -2943 -2430
-2007 -3567 2663
4546 1644 -563
4645 -4888 606
1707 466 -3875
-2011 -873 3435
1902 -4068 -2385
-1540 3192 1379
-4720 -199 3065
-187 -3257 -4260
-1333 1890 1684
-2174 -4331 4
-2035 -429 767
3599 2295 937
475 -2372 4604
-2806 -4556 2733
-4042 590 948
3121 -1274 -3301
-2486 -32 -2255
-139 2406 2624
-2542 -156 -1243
1816 -2269 2223
4521 -3952 -1201
3122 4999 -3070
4548 1069 -3351
656 639 2186
877 -4650 3398
4151 -4225 -1779
-963 -4774 348
-1254 -1306 -1440
378 3614 4743
3793 -1079 2444
-419 -2413 -20
4034 -3737 -1529
3018 -4851 1183
249 1306 -1754
2691 -4847 -4678
-2477 -2868 78
-4529 -4049 -1519
-2091 685 3626
-1746 -1394 2938
-4734 -3419 -561
736 -519 493
1728 -3074 -1227
-3273 -2218 -1840
4486 -983 -116
4060 -3306 -627
-4633 -4821 2904
-4759 1445 4864
-488 -4103 4679
-1867 -3490 -444
-1740 -2343 2680
3378 -644 -4289
1542 -2652 -396
-2070 3304 4713
-1071 201 1494
4239 -1636 -3779
-3249 275 -2756
-4795 4016 -152
-1980 -3034 -4351
-661 -1000 70
4327 635 2365
-4566 3195 -2846
-3571 -2150 -177
-3566 -363 4783
-1001 -3525 -4449
3264 1328 4194
-1878 4495 3062
489 -137 -122
4105 -730 -362
-4110 -2156 4763
2375 124 3241
2317 -2592 -1718
771 3402 4966
3388 1649 -4140
-2588 -4863 346
4352 1172 1596
-10 -1764 -1476
-3546 3933 -4971
1438 1047 -3282
-295 3192 -3659
-4138 -1486 -1801
2981 -2414 4306
-3647 -1947 2108
3173 484 1695
-4708 4657 -4231
4744 -3204 4613
3076 -4218 -2549
-1619 1919 327
320 2211 -3875
2408 -3499 138
-3893 3495 4130
-227 -3078 1387
-3898 4820 -4811
-4864 3682 3875
875 2154 -3679
3784 -3701 3952
49 1899 -4491
2719 3853 -1528
4452 -1346 3104
-1997 -2971 1441
1997 -4350 -3593
-2491 -3911 -1227
75 -4399 -1744
844 -3333 3311
-1244 -4882 1669
2655 -15 1238
3578 4507 -1983
-2036 -1232 4218
-4293 -3231 -3457
-4010 3273 -2618
609 1062 -2307
3474 4238 71
-2904 3478 1558
-369 -2847 -3122
3181 -3775 -1583
-3108 -4064 -2418
3285 2071 -4787
1533 -408 3281
-3779 -1719 3592
448 -3208 2776
-1653 4837 3481