3000
-60 -76 49
-23 -4 68
-58 57 -38
51 13 74
-72 -81 -7
3 68 -28
-87 -96 -22
46 -14 98
59 43 78
-68 43 -8
-37 25 8
37 54 -27
34 63 -26
99 82 93
77 -89 43
96 -11 -65
97 -98 -66
47 82 8
-97 62 -100
-38 22 -22
13 -88 50
74 -21 77
94 -22 -56
-6 -65 66
60 -42 -56
9 98 33
31 -52 -12
-85 38 8
43 81 -39
-60 95 -11
84 -62 -75
-87 -95 -79
-97 -98 -2
-36 -16 33
91 -100 -68
69 14 86
-99 -75 53
-14 99 -97
73 6 86
-25 -23 -64
71 -88 21
57 74 -22
88 25 -65
77 -14 8
39 -6 16
-34 33 -37
60 -97 -76
-41 -98 70
37 78 43
88 73 87
-88 59 -42
-93 1 -12
-94 73 -3
-89 -10 -86
-25 19 64
-27 53 18
18 97 46
2 -60 -89
97 48 -83
25 -88 85
70 -83 -71
-51 -45 -55
-92 21 -77
84 -98 39
-35 -80 74
46 -58 37
22 10 46
-54 -19 85
31 50 15
55 -33 -31
11 -19 7
3 -29 10
8 64 27
86 -30 -86
60 52 30
14 -51 -98
10 -32 -65
-64 91 -74
91 -56 -69
24 -35 25
-93 -11 -23
68 -15 11
67 95 29
74 45 13
57 -45 74
-48 73 97
96 -28 -27
-39 21 -57
19 -26 -28
-57 38 -4
1 -50 53
59 68 -39
28 21 9
36 35 -32
-88 -4 35
-9 -73 89
-10 -33 7
-89 -71 -30
9 -63 30
-2 89 46
98 -88 82
84 6 20
-51 52 13
-39 -93 58
-40 -38 -99
-98 18 -55
-13 -76 37
5 81 49
-42 -50 85
-89 8 85
68 66 -60
-92 -27 -5
87 -70 -55
83 -98 60
41 -13 -33
-98 -18 -75
76 54 -73
-37 -36 -66
-88 80 94
4 -42 -29
7 -67 71
-32 -73 -19
-35 11 -79
81 10 90
47 24 -84
-27 99 -43
21 -79 -7
70 49 58
-22 46 -55
71 -51 93
75 -81 87
11 -97 -76
-23 -21 -41
-5 -96 -74
4 -60 -74
-15 -12 91
-56 -32 -51
87 -27 51
-17 -9 82
65 60 -76
-28 -94 43
79 85 13
-33 49 -17
-74 75 -97
-60 10 -61
-97 61 67
-11 -3 8
-1 34 41
94 -80 -26
-74 -81 51
-78 45 -12
-97 -39 99
-69 -81 76
26 82 27
-91 70 -63
91 -88 -97
-90 59 -72
32 -43 11
28 -84 42
28 29 -30
-82 -26 81
3 29 -11
61 -57 -83
79 -66 50
-27 -29 86
96 -97 59
44 -42 -79
-30 84 54
47 99 -42
4 -12 56
-93 -25 -52
80 -38 -1
33 -3 37
85 44 -26
-83 2 74
68 64 45
36 34 -24
-90 -24 0
-23 67 -9
-84 91 32
-83 25 59
-84 -17 -72
-48 -9 -33
52 -24 100
44 57 35
55 -88 -5
-69 -7 -75
-47 -34 8
-2 100 -49
22 -84 97
-69 78 -100
44 16 -29
90 -23 82
-16 -78 -45
-33 -20 10
65 35 51
82 -73 -20
69 60 -99
45 46 -60
-25 21 -40
-93 12 -35
47 53 -1
49 -78 43
-30 -2 -76
-47 -44 21
-30 27 18
64 40 -56
92 93 -68
-94 -100 -8
78 44 -36
19 7 -12
6 56 -79
26 -4 39
59 71 53
51 -7 1
67 86 -16
44 80 -73
-2 -63 -53
-7 40 1
73 -59 -89
-26 -66 -76
-23 67 77
-62 85 42
78 -91 -56
89 -67 3
-91 -50 81
-99 -34 0
65 15 54
64 -63 -90
-99 -37 53
-26 -61 38
-89 -84 82
37 -91 32
-51 -88 100
-73 -24 1
-67 -46 71
-43 38 55
-99 -46 -47
84 18 -45
85 -69 -86
85 74 51
82 -42 -89
47 92 -48
37 42 -58
47 34 -1
-4 -41 0
80 -40 18
-24 63 97
-57 24 90
87 38 71
67 -19 -78
78 81 -70
-55 -79 32
-47 49 -2
-65 93 -22
-83 98 31
39 94 -21
-33 60 7
19 50 -21
-88 4 71
-82 90 -37
47 -11 4
-87 -24 10
91 72 29
0 -83 -43
-47 -91 20
-20 0 -45
29 -50 51
-53 79 -26
31 -31 -98
83 -78 -11
8 99 47
-35 -28 -66
-80 26 -99
-51 56 -25
64 -19 27
-71 85 56
-88 42 -74
81 77 71
97 -16 10
92 95 -12
72 -58 -67
-45 -33 71
44 53 -50
36 16 52
8 41 -4
26 35 61
-12 5 87
-86 45 86
-35 76 -85
-3 90 -93
51 -56 87
38 -36 -28
67 8 87
58 -44 60
-93 -51 86
14 60 -66
-12 51 -76
-84 89 -63
88 -5 -100
-32 -70 98
-49 -5 18
18 -50 93
-69 -70 -72
-94 -72 1
95 -94 -77
-61 -92 -35
43 23 -85
-7 50 -81
4 -22 -78
51 15 -23
76 17 -73
69 46 -3
-45 86 -36
22 -38 64
83 31 87
-23 -59 86
-32 81 43
-33 58 -26
97 -6 88
5 65 56
47 -8 -100
-18 -32 -34
50 16 55
84 -3 -1
-80 34 -7
12 82 80
-40 -83 -60
-84 0 -28
-52 3 66
-30 12 -21
-87 -82 14
8 57 -28
66 -38 95
73 10 68
47 -93 1
94 -37 -58
-46 46 -27
-20 -61 44
-41 4 81
-61 65 -21
-83 9 -61
38 10 92
38 -61 -80
38 41 11
-75 -55 11
92 -89 -28
3 -44 80
-1 -56 28
12 -68 -78
81 -72 56
2 92 11
-31 87 78
36 -4 -65
-51 15 29
-27 -29 -61
35 -58 83
99 26 -35
-55 95 -69
-33 47 75
-74 -99 14
90 -61 -3
76 -49 -97
98 -56 -60
-36 100 18
-55 1 -76
-33 -25 -75
-7 68 95
49 44 -45
-8 -75 38
-4 85 -48
12 44 36
-57 -24 88
22 9 -86
-58 -48 -21
-91 -96 96
-50 -1 -45
-42 -89 48
-10 41 -64
89 -68 92
42 -30 86
83 -44 -63
76 39 0
-51 25 78
-4 91 38
19 18 -47
22 -23 38
55 -25 28
-7 -73 -93
58 72 64
-24 98 0
-59 -75 65
81 49 62
-15 -39 -43
68 -13 -35
35 72 74
82 39 -74
-56 -46 -36
-10 67 24
3 9 -63
70 -4 32
85 -76 64
49 -53 -49
19 -19 -11
28 -97 40
-62 -90 50
63 55 -46
-40 44 12
54 92 40
77 -11 100
57 4 -9
8 76 -32
-82 69 -44
72 0 -59
51 -27 87
-65 -70 70
17 -37 83
55 30 -78
-96 47 -49
2 85 89
-87 78 -21
-38 24 -84
-90 -63 13
-80 -91 -9
65 44 56
100 20 63
68 52 11
-45 100 -96
-25 -74 -80
-78 -42 93
-51 92 61
10 90 -99
-47 -31 26
-24 -16 -31
3 95 -45
69 30 3
-47 88 -15
66 -89 -6
-49 18 78
-32 -17 16
71 30 22
41 65 -24
64 -55 -34
-13 80 100
63 76 -30
-45 -97 23
0 73 -33
94 -12 19
32 59 -49
-22 -85 -19
-83 -21 -19
3 -100 18
52 86 74
13 -87 53
32 -17 36
83 -60 -55
41 -1 54
-12 48 -87
-3 -70 -92
73 39 12
-92 61 17
44 -100 80
-26 70 45
-85 -6 -90
50 14 -87
-24 53 87
-12 26 17
49 -81 -79
-86 -73 -28
-3 -58 -11
-70 -95 40
-30 -82 24
33 -63 -15
-68 10 -41
-57 -7 -59
58 -59 -96
66 -36 75
-30 3 -87
-55 -95 -86
-96 55 81
-83 -11 51
-49 28 -60
-86 10 -31
-85 36 56
100 85 -97
-71 22 57
-88 -95 36
-51 54 -64
67 -1 -53
94 -57 -13
-9 16 67
7 -32 27
52 80 -82
59 -20 -83
74 -15 40
94 -78 -14
1 -48 43
-50 57 3
93 -83 90
-60 88 5
-27 -96 88
-11 -10 80
29 -99 6
-38 -54 -70
6 55 -26
23 22 -54
-41 -24 6
-6 70 -69
-19 -89 -43
-97 -24 31
94 -61 -83
-50 -45 -93
57 -71 65
-6 -23 40
-89 -28 -71
-40 -38 41
81 57 5
100 -52 -21
-61 18 -85
27 51 81
-23 17 24
-54 42 -87
-19 -71 21
-12 66 -57
-32 -62 -45
-86 -97 -85
50 46 -95
71 -9 -30
-24 -97 41
-10 6 -14
82 86 -34
-8 -82 48
-69 -63 -88
38 42 52
-21 87 -29
-5 -65 -40
73 -67 88
23 -37 -63
-15 69 27
-11 -89 65
40 16 -79
9 -7 -61
89 96 97
-63 81 21
-48 16 44
-100 18 35
19 -17 41
26 -29 91
81 -4 -71
-92 87 -16
-90 45 89
52 37 13
20 -5 0
77 56 90
-44 73 -25
-96 76 70
-93 83 -19
-17 71 75
-80 28 -61
-31 98 -9
94 -89 -17
-7 68 -60
-59 77 -82
-33 5 13
16 75 58
-27 40 -31
-61 -73 -5
-71 96 19
35 -80 66
49 -64 82
97 47 43
-34 -18 -66
97 1 100
87 33 -54
81 -90 -33
-43 71 45
4 -36 -81
-36 65 34
47 28 80
-73 70 -92
54 58 -60
84 96 74
48 73 58
50 77 -100
88 98 48
-89 -48 54
34 46 -86
75 -86 -88
-71 88 -77
56 58 9
19 -89 67
-66 -5 -68
19 75 40
-29 -98 83
-70 -30 -93
56 -20 82
93 -68 57
22 34 58
-57 56 17
48 16 35
-58 100 -61
35 88 -25
-21 -30 -53
-59 -34 -76
78 -30 66
24 -96 -99
-2 55 -19
-54 97 -27
34 64 -86
56 83 16
-80 64 10
-61 -2 -56
90 75 82
88 73 16
-82 -83 98
47 66 92
-18 83 -40
-98 46 -71
-58 -20 -34
91 32 -72
91 97 -93
-95 -11 95
-51 -48 26
72 -24 22
87 44 -76
31 -51 93
9 -45 56
23 -91 -73
-74 26 -93
-63 -82 -8
41 70 -85
27 44 -1
100 93 79
-14 -6 28
66 72 -98
-90 6 -38
-54 -17 -97
23 87 -88
94 -91 -69
77 35 -15
-61 30 95
54 95 12
-97 -20 77
83 55 96
-81 69 35
93 59 -28
-79 45 63
-32 -91 -66
-37 84 -22
9 50 -52
-77 -94 -4
91 3 38
-41 80 78
-9 78 31
-96 -62 -26
90 73 -99
29 -7 -84
3 -83 81
57 42 -24
-56 -64 -53
68 -14 28
-73 -8 100
-40 -81 50
30 -15 -46
-3 -79 -75
38 91 31
25 -70 12
-25 -55 97
4 -50 70
73 -10 9
78 -84 -91
41 -18 39
51 -76 75
87 37 93
69 -74 22
19 -44 98
37 88 -31
-22 15 78
16 94 38
1 0 72
19 -72 83
-41 27 -52
-91 80 -23
100 81 -80
-49 -99 89
-90 -11 77
80 -32 77
95 23 -26
74 43 -33
-55 -72 -17
76 66 -71
-98 -55 -96
41 -22 77
70 36 -13
-89 99 -99
-79 -41 45
49 53 -9
22 90 -98
93 5 74
-26 -28 88
52 64 -72
10 -49 -66
65 -29 55
22 10 -71
81 64 -16
-69 23 -96
-64 -21 29
-84 -17 -55
-89 77 63
-56 77 -40
78 68 45
72 23 -12
23 -2 29
-21 -22 -90
-62 -83 86
88 57 21
-44 59 -89
-15 100 -19
-51 -8 26
-33 5 12
53 93 -64
-67 -20 72
-89 88 -45
11 16 2
18 32 41
-3 -23 -52
1 -43 -77
-16 26 59
-16 -50 13
-27 43 69
-24 42 11
-75 -11 -27
-39 60 -73
15 -28 10
-8 48 83
-26 49 -11
77 17 66
-48 -40 15
-18 -94 -89
-58 -53 -31
-56 -65 16
37 72 27
-89 -20 -39
21 65 -17
81 74 -39
-20 -69 -55
-7 -57 98
83 19 30
56 -35 -2
9 94 100
-65 18 -35
-51 50 -53
26 -55 -95
-72 -89 67
28 14 26
-50 -57 -11
9 -41 90
-96 14 65
-14 -3 37
-22 -51 -17
-89 69 71
74 -66 -85
-19 -95 -87
41 36 69
1 33 -1
34 -10 -60
64 85 67
-29 32 74
-33 20 11
-31 -18 -17
28 48 78
-71 -37 99
95 10 90
-11 11 96
-99 42 -92
48 56 85
-83 -5 -73
2 -5 -32
45 -62 63
50 69 -87
59 42 -14
-83 -28 10
-84 19 99
-31 -74 100
96 63 -66
-47 -62 -45
-7 -61 99
-12 31 87
-1 -88 -49
-22 -54 85
43 75 15
43 80 14
-83 -64 83
7 72 83
9 82 -67
-13 23 -44
-97 71 15
-53 -32 -8
73 -66 -93
22 -4 75
-61 -78 -60
-54 29 16
-4 67 -21
25 61 43
7 70 -49
60 66 15
33 27 -98
-58 -7 67
-12 49 -56
33 -68 -23
95 53 78
-67 21 -87
24 41 -88
-30 -3 73
13 65 44
-95 -21 13
7 88 24
-92 -43 80
62 -65 73
-57 7 -78
45 -76 -79
-24 7 100
63 -89 94
-9 -37 83
-12 -26 -92
-28 89 -41
30 95 74
-24 19 90
-7 -48 6
57 47 -86
68 -90 -66
72 -23 -46
80 63 -85
14 50 12
57 -89 -47
-65 -97 73
21 29 9
-10 -62 -76
-93 0 53
-90 22 66
92 16 -24
66 -69 -67
-90 -19 43
20 11 -98
79 28 60
28 29 25
69 -93 -26
-61 -77 31
-46 4 -77
50 -82 -88
89 58 -54
-2 64 -5
59 -98 -25
-52 -36 74
40 -93 14
0 78 -27
10 9 -64
10 -7 -54
22 2 23
-47 -49 -64
9 57 -63
-26 -4 -71
20 89 31
38 -64 -43
61 -9 -13
-31 42 89
-40 54 -83
98 43 -37
75 -24 43
-61 -13 66
-68 49 29
-94 76 -84
-85 -70 40
97 -100 -32
82 51 15
79 19 2
-53 -45 99
95 -42 -45
-4 -41 71
34 -47 96
19 -74 -15
60 -23 98
71 -75 -50
-1 -76 -51
63 -11 -49
11 64 -14
-61 53 19
92 28 -7
95 21 55
92 93 28
42 14 54
-52 -43 63
-20 59 54
-43 -6 -45
90 -74 80
-59 73 62
97 -85 37
100 -89 72
83 -83 -61
-90 -68 -43
-42 -6 -46
-28 -37 -70
87 -48 -61
81 39 -94
-26 44 -54
-17 87 -85
10 -11 -46
-56 59 81
3 88 -98
-39 58 50
72 -92 -15
-27 -25 -84
-62 -23 25
-1 11 4
28 -37 45
-68 43 -12
-47 1 -50
26 22 -82
-25 11 60
31 57 88
-78 52 -93
-67 -36 -39
-24 28 25
79 -28 -53
-41 -87 -20
25 63 61
27 -15 65
-85 -49 -47
27 -59 -56
-81 -60 -99
-75 -28 50
33 47 96
-61 2 56
56 -93 76
34 12 46
-84 -4 76
100 38 -52
-86 15 55
-58 41 -83
-1 21 -98
-44 -53 -25
48 92 6
-26 -38 73
98 -66 58
17 -78 -39
49 96 55
63 -51 47
-72 -98 84
40 -6 -35
-41 7 -56
63 71 -97
31 35 -92
78 -32 9
67 83 7
-87 20 88
-95 54 -72
-75 7 66
-19 -2 49
84 -5 -96
-69 9 -22
56 -36 67
44 -50 -93
-58 67 95
-14 94 -84
89 -27 -5
35 -85 76
-5 65 -38
-91 96 47
-34 -51 97
-57 -44 -88
-6 35 65
13 37 -27
-93 40 14
45 50 18
14 -38 -95
-60 -43 -66
-29 50 -82
0 -78 -35
43 1 19
46 -41 -58
28 65 -51
-37 -87 7
46 -3 15
-63 -75 42
-84 47 48
98 -92 14
-2 15 -6
-57 -85 32
74 47 -36
89 -95 55
8 74 18
-92 -19 -98
-54 39 -21
-63 -100 28
30 -78 -71
-81 -54 -35
-15 -32 -92
83 -29 -41
-30 -15 -92
57 -16 61
37 -4 77
-43 63 49
78 16 79
59 42 -74
-73 -86 91
-72 -98 47
30 49 -81
-65 99 -98
69 15 11
-41 83 46
72 -61 85
19 -92 81
-93 42 11
69 -24 43
33 27 65
69 -81 -1
-12 35 -52
-89 -99 6
28 15 -95
78 -13 -87
4 -11 -66
-97 53 -53
26 -2 -73
79 -34 81
13 -85 -56
-98 -10 15
-8 -40 97
-1 24 -77
-59 -78 75
7 -63 51
36 39 53
-3 -36 66
70 23 73
40 -1 -29
-29 12 97
94 53 -58
-53 -12 -57
-11 -90 9
-13 6 68
-14 6 64
-17 57 28
58 55 -30
33 -66 -85
-14 44 37
-15 -87 85
-76 -73 -51
6 -90 71
26 10 59
-9 71 -5
91 -18 -21
70 25 -97
31 -17 19
73 11 75
64 49 -6
-32 4 64
-79 -47 -35
-39 22 -84
-5 70 -66
-66 -65 -40
-55 -71 -53
-58 53 84
83 49 -75
2 6 -10
-7 44 54
3 31 88
-8 72 96
14 -1 60
61 5 43
3 -19 -37
-87 -64 -82
-87 -56 99
1 54 -55
8 -9 92
49 87 -54
65 63 -19
-43 98 22
34 55 13
30 -10 98
-99 3 -15
-74 -56 -27
50 -26 86
41 -91 -15
60 -76 33
-88 94 33
-74 13 5
-29 -19 76
-99 75 -69
-94 78 -65
-61 2 36
76 64 -58
-3 -7 -65
4 40 -49
73 40 59
-9 -83 -5
10 -50 63
50 -28 -51
19 82 -87
30 -50 9
76 78 91
56 7 -15
57 43 44
-4 11 -46
49 38 -47
-13 -95 83
-15 0 51
77 91 -30
-26 -17 73
-58 42 -51
-86 -74 98
-46 37 -15
-86 -25 -65
-22 -46 97
69 19 -40
17 65 66
-5 51 37
-17 -51 -41
-69 3 72
-12 71 96
-57 -14 29
75 99 41
43 35 40
96 -100 64
-45 -16 -72
-6 21 54
77 -99 -27
77 24 -50
39 70 57
20 -89 13
66 -26 41
86 -87 -37
-75 -47 32
-76 21 73
63 -33 -19
44 -30 -56
87 57 33
94 -6 -91
-55 -5 73
32 77 -48
-17 41 -79
-32 -91 21
-28 96 -94
-89 56 99
61 81 -8
52 82 -11
52 73 -29
64 -33 -93
51 57 76
-2 -5 -20
15 36 -65
-90 -96 -77
84 68 -38
-45 27 85
72 23 42
68 -29 -3
-52 -73 72
69 51 32
86 -20 -6
23 61 25
-39 90 0
38 69 45
26 -59 25
24 92 -96
2 -12 -80
32 62 81
74 75 47
25 -38 56
-87 -76 -38
95 -16 -12
-33 -26 -74
-85 -69 -86
-18 -65 -12
-54 4 -32
23 96 53
-53 -43 80
-58 78 -95
-19 -54 64
-98 -24 -22
27 -55 3
-65 -10 86
71 68 -40
37 -14 -100
-23 -36 76
-79 52 22
-22 78 34
-18 -59 -2
-87 35 -38
18 -8 72
93 92 -34
-24 49 -7
44 -19 51
71 0 -78
-82 -29 43
-81 -76 -53
-43 68 21
46 85 -98
-8 44 80
-11 -73 33
-55 -76 95
6 -19 33
26 -18 -86
36 -99 -40
51 -88 71
-12 -72 1
4 8 -35
-27 -24 -55
10 -40 37
-6 0 -28
-65 -3 -15
84 -54 4
-51 37 80
-75 41 38
3 -83 61
-96 54 -20
7 -76 5
-29 -8 -68
43 53 -45
93 64 1
2 -68 92
-19 -97 5
82 -62 -92
-76 83 79
-73 30 21
24 -32 75
27 40 -69
-93 80 16
-67 -77 42
65 -46 -17
-5 -81 -16
39 85 -7
7 -18 -97
52 63 -99
-41 -22 52
60 -87 49
87 -11 21
-53 -42 92
55 1 44
-54 44 -88
80 -47 51
-75 -19 71
-70 34 -76
-88 -15 28
16 25 81
-79 1 -75
-55 71 93
-69 -51 -23
-51 88 68
-44 51 10
77 72 91
43 42 -23
11 -49 -86
-84 -49 36
-1 -43 65
-14 -78 95
-79 -60 26
91 58 -29
90 28 75
46 13 -36
70 -84 54
15 97 -10
50 -15 63
-59 -91 -74
-47 76 -57
-45 -25 -37
-32 -63 14
-24 28 -97
-15 -28 -82
-42 -99 -17
-70 70 -45
-5 28 42
-99 56 -47
-81 -45 -15
-59 -33 -67
-15 -85 18
-24 -32 65
80 18 -13
-63 76 -75
37 -71 -34
65 -42 -92
78 56 18
-88 98 -68
-16 -32 -37
-39 21 66
-70 -22 -52
-31 82 48
-49 -28 72
-58 50 89
87 24 31
-17 40 52
-8 -68 100
13 -74 26
69 -58 33
86 -86 -9
-15 -52 -13
72 26 -70
-76 -88 72
0 -64 -18
-19 95 -40
-32 39 -42
65 92 -38
96 12 -34
22 20 -89
91 46 27
-65 14 -96
-73 40 -23
28 -98 -36
18 49 15
-42 -49 -35
60 99 -86
-20 86 98
72 -92 44
30 81 29
-81 41 -66
79 0 15
-61 -38 20
98 -82 -84
71 -55 -35
93 -28 92
27 98 -56
62 -40 45
86 -77 20
-24 13 36
-37 -12 62
-46 13 77
67 93 99
-22 -60 94
29 63 -59
74 67 93
28 18 -54
-65 93 -18
87 41 12
45 -67 69
-62 68 25
69 86 29
61 -20 -64
80 40 19
80 -61 82
-69 50 18
94 -10 45
-19 -41 7
-28 -67 72
-20 57 66
-21 -47 39
1 -99 28
-74 18 56
-51 -84 52
96 -97 -34
13 88 23
70 -86 78
98 69 89
-89 0 99
75 -85 -25
-7 -90 -73
-46 -39 -5
-94 -90 19
51 -26 -71
3 -74 -47
-60 -88 -66
-26 46 33
58 43 55
32 81 13
80 90 -20
44 -35 -20
-49 17 -11
-9 49 -15
25 37 -56
-63 94 -13
52 100 -50
-47 6 62
5 -44 -32
96 -54 -90
31 -70 70
-68 -57 -44
13 -19 -23
21 -87 70
-42 -4 67
64 -42 11
-12 -54 -94
49 -31 -48
35 -72 -17
-49 17 11
47 -22 56
38 -6 -21
61 89 42
-97 80 32
44 14 78
-35 -94 -86
-5 97 16
41 19 -33
-58 78 -2
-43 62 -75
89 98 45
-67 75 94
7 28 94
37 98 -33
28 -33 2
-47 -34 71
-98 -7 -63
-18 -37 -32
17 23 -99
31 -93 -47
94 89 53
-63 -26 -85
-6 22 -76
17 -98 -40
6 95 49
-82 26 -99
98 -18 -45
29 31 -34
-67 93 -7
2 68 36
-81 13 -21
-89 40 -37
32 -19 -56
-48 -58 -27
45 76 -93
-10 90 16
30 -12 70
-86 90 9
8 -15 -50
-64 58 46
27 29 26
-83 -75 -19
-54 67 -94
30 -14 -38
-16 -54 -88
-1 52 -5
96 -58 21
-76 -99 -70
-96 -98 -71
29 47 -35
64 -15 -75
-97 -89 -4
78 10 -86
-95 -58 23
51 -32 -17
3 91 -36
37 77 -3
18 21 -61
-53 -21 -11
73 21 -96
-37 76 -64
-89 72 62
-79 49 22
-5 -84 22
18 30 93
86 -64 -95
-13 -49 -54
-58 37 -60
48 -57 2
-69 31 9
-82 -19 70
-89 -99 52
-23 92 70
52 -78 97
-77 -52 -86
-1 24 61
51 -9 100
52 88 -4
-69 -20 32
-26 33 -67
22 -87 46
62 88 -42
-45 5 17
50 70 -51
-79 -81 -96
57 73 -74
87 55 -27
1 -23 96
11 -43 -69
-42 51 100
-76 20 60
98 -35 -13
2 -76 -39
-56 -79 83
-27 7 60
9 44 24
78 -95 48
8 35 -100
49 -28 -25
86 -42 -89
-31 5 81
30 86 23
57 11 43
-92 51 -71
-41 -74 38
-65 71 -7
9 -56 -34
9 78 -81
-17 -51 -66
-25 26 -59
16 -59 17
64 17 60
-53 -30 -72
54 35 63
-70 85 15
-53 73 -33
46 -18 19
-9 -55 43
-2 -47 -59
-91 99 -16
-62 -5 67
-54 -31 -34
19 -51 -47
27 88 32
-56 41 66
-88 4 91
-19 -100 91
-44 25 10
-31 13 -17
-87 -23 -30
70 28 -20
38 -18 -75
-94 -53 37
-42 75 -81
-14 1 -17
-10 43 62
-100 37 34
-52 -45 -25
99 -94 23
-52 -19 93
7 -56 10
50 95 -14
-97 -51 65
-93 82 13
-14 -13 -54
62 -98 24
70 -14 51
98 0 32
-68 -11 -90
43 94 15
82 -59 -4
31 -92 -95
-28 -30 43
-56 68 -17
-13 -91 -36
-70 92 -75
66 -77 -48
100 9 20
-56 -48 -47
63 -58 80
10 -85 84
16 -18 -25
-13 53 -50
-45 70 11
5 93 24
-45 -84 -62
-31 -61 18
-43 -73 38
37 72 71
53 8 76
-80 16 -76
-79 38 -49
-71 -53 92
18 57 -16
-21 -35 -15
-92 -3 -60
5 15 -12
-31 28 -90
-24 -29 -50
38 21 63
18 -27 88
-49 -70 38
-80 19 16
63 -36 78
72 -78 -4
79 -34 53
-34 74 -31
-91 -47 3
48 -2 -30
34 81 -27
-11 70 -15
53 43 -38
91 98 -27
52 99 -100
64 88 -43
-13 -5 20
91 22 72
-22 47 -8
-8 -6 90
-81 -77 79
-11 96 -64
-76 95 13
-66 82 -65
-17 -96 -22
-41 93 11
91 23 62
40 99 88
100 -27 37
-47 12 -6
-18 12 -4
39 -80 91
81 32 -24
-96 53 -85
-53 -11 89
64 -8 83
-66 85 17
70 -82 -30
27 -82 92
-23 -42 34
-85 -70 -57
-62 -25 87
-63 66 56
-59 54 -7
-35 9 -84
75 15 0
27 13 21
64 51 -54
24 37 63
-86 23 53
-17 -69 97
-31 50 -71
70 -97 1
96 73 2
57 98 12
-26 55 -84
8 64 18
-8 -68 -44
91 -38 3
48 95 55
29 21 41
-55 39 -13
-88 -94 70
17 -59 30
-71 65 64
25 -58 45
27 -28 30
19 -15 84
98 -70 -85
80 1 -67
-96 9 -23
77 -68 55
46 -8 -12
43 -50 57
68 -77 30
13 65 -42
-47 50 80
92 90 23
93 -69 60
-62 -17 49
32 65 89
-63 51 67
-55 90 100
88 43 94
-97 44 -35
-91 85 24
1 6 93
3 78 90
-37 -48 6
-62 83 -9
-11 -17 -4
-24 41 83
65 38 4
93 -28 -7
76 68 59
27 89 -38
62 67 80
-99 96 -23
33 81 65
89 54 7
72 -16 -48
-1 53 66
-53 77 5
88 -57 -55
19 -97 -24
-63 91 -62
-30 51 -27
-68 -19 71
24 -88 -87
-33 -62 26
-35 2 -89
16 -39 93
87 -70 -37
26 14 -96
51 -72 38
-3 67 27
-38 -36 81
51 53 10
-67 -75 -44
-38 52 53
-6 -76 -65
40 -74 92
-27 14 55
31 100 38
4 -90 -88
89 -79 69
60 -76 -80
74 77 35
-94 -69 -89
46 -68 -69
-47 35 67
90 -67 30
44 45 12
1 10 39
-89 -46 66
-46 -59 68
15 34 -97
14 -11 6
96 -77 -42
54 -4 3
93 95 -55
76 54 -46
-89 23 83
-32 52 35
85 60 9
-7 42 26
-16 49 -81
44 26 -40
1 9 -93
-71 85 11
-26 -82 2
15 95 36
96 73 89
-85 -23 -64
0 95 -69
-52 99 93
63 -72 92
66 60 -22
-9 -31 -91
-96 -38 -14
82 -13 -95
90 -1 67
-70 -22 30
-67 -55 62
-10 -22 -31
52 69 96
90 56 -46
-1 -29 13
-29 41 -42
4 46 42
-75 8 74
15 -47 -62
-95 -68 35
74 64 3
-77 -32 37
10 -91 -18
52 36 -44
14 -90 12
35 -20 -37
-48 -39 -25
-41 34 48
36 9 -28
37 47 -33
-87 31 77
-22 -58 30
40 59 4
54 42 47
47 23 36
-73 -9 97
56 50 -90
97 -42 -5
7 79 88
-89 71 17
31 -30 43
39 -11 41
-18 -86 36
-34 -63 100
-66 78 60
-61 -20 8
89 23 -30
10 0 -17
-61 2 -23
-4 86 -15
78 45 51
64 -63 14
-84 48 25
-46 -23 -95
91 54 -73
70 -49 -96
-76 19 32
-16 22 62
-50 -57 -6
-63 35 81
74 -62 59
-70 60 -65
41 -55 34
5 -8 -19
-56 94 41
87 -32 -73
-59 52 -79
48 32 72
-100 40 -42
95 27 35
50 -35 -71
33 18 -82
-55 -100 59
35 68 74
-100 75 -54
12 49 56
81 84 68
-7 35 -87
-22 -35 98
68 24 9
41 -4 -68
-48 5 96
38 -92 -100
-59 -61 15
-75 20 -24
24 -50 -46
-54 -97 -35
-96 9 -95
-47 -19 85
67 53 -57
-24 -16 22
-17 20 71
-8 84 -39
22 -44 51
6 -62 -14
54 -88 -63
-32 38 20
-55 5 -52
14 -64 6
9 6 80
-79 48 36
-95 -84 -47
41 -89 -98
52 86 -38
48 27 24
-97 78 -69
72 21 41
80 16 -92
-79 -36 -10
-67 -21 17
-98 -91 -5
-98 26 78
97 79 25
-26 27 68
-18 -80 41
59 72 87
36 10 21
68 -34 5
-77 95 70
61 69 -17
-53 75 -68
6 -70 50
5 16 30
16 -6 -91
-82 -37 -27
4 96 66
-47 -31 -98
-40 23 88
-97 97 -67
-64 93 79
-89 74 -25
90 12 -83
49 48 -58
9 -16 -98
36 -80 -85
-66 2 -100
56 -4 74
-9 -89 -58
72 50 -80
80 -73 63
79 38 -56
-79 84 -11
64 48 -24
-74 -37 -47
4 9 76
-47 -18 -52
70 4 -28
95 -97 -5
-11 -77 -59
-76 54 96
10 11 -14
10 -95 80
-44 -65 53
-70 -46 -22
-91 -94 -79
-1 -19 89
-67 55 96
-36 -24 -66
17 -65 1
5 94 -48
94 47 -85
-67 58 61
-55 50 4
4 64 -31
47 -46 55
-56 29 63
35 26 80
-93 58 -23
0 92 7
99 40 5
-88 22 -78
-63 87 -6
-68 71 27
26 65 32
52 -17 -50
-90 -35 -46
-8 83 -26
67 81 85
82 -77 37
48 96 58
-43 19 12
51 54 -36
-59 -45 -96
40 33 41
-12 -74 -51
0 -34 -79
-9 -47 25
11 -25 90
23 -36 47
22 -84 5
91 -71 46
-62 63 32
55 68 -7
-68 95 63
-50 -61 -84
-4 -50 72
-92 3 -68
-41 66 19
-80 48 -4
66 -76 -91
-7 5 -38
-69 39 65
20 -14 -38
-9 69 53
63 -94 -91
-97 39 71
21 93 -7
49 -72 -3
62 29 87
85 82 -44
-57 3 88
-3 -18 -58
94 72 -46
95 63 41
7 -72 -65
9 64 81
95 -14 94
-63 100 93
-65 84 24
-38 -97 86
-13 38 -33
-76 -21 -17
-17 -19 92
-70 -42 -21
-89 25 8
-81 -16 -100
-70 70 59
-93 30 -17
-85 47 73
99 49 -43
21 92 -32
-63 99 100
54 79 60
-88 -14 -5
-96 -89 -33
14 5 -33
48 -25 -18
89 81 47
-96 -89 -23
-25 -82 -24
-23 96 19
-4 -80 10
-1 -97 98
-44 39 53
-87 56 52
-26 -77 -65
75 97 -75
9 -59 70
88 -61 17
-85 -64 25
-5 -42 37
-17 -61 33
20 -100 72
-93 -77 52
-22 82 -67
71 96 -53
49 73 -70
24 -75 95
15 -13 39
31 -41 68
1 46 54
21 -56 -6
-68 54 -71
3 -43 86
76 -58 -42
78 34 -4
72 -99 -49
12 8 39
-79 49 -40
40 67 64
15 44 -62
-68 58 2
29 -63 23
-71 -30 10
-65 28 -79
-19 -20 21
-19 -87 82
9 -27 17
-59 -69 -45
-61 100 53
26 56 87
14 -27 59
55 49 -83
-89 74 0
84 -16 17
14 -72 18
-48 -67 -93
97 54 60
58 -75 86
14 88 97
-5 -63 6
-98 17 -35
-99 -64 12
48 91 -95
-89 99 -50
96 33 34
71 30 -91
38 -25 80
62 58 100
-8 -47 21
48 13 -71
34 -69 23
94 -78 15
-61 -33 37
-2 -39 -13
64 85 100
23 -51 -60
-71 51 80
-18 52 81
84 -92 67
68 47 -77
-100 83 -15
-83 -100 32
71 20 43
-33 -44 28
79 57 59
57 27 -13
72 -15 -97
-47 -95 38
-86 -91 4
20 52 55
-68 -30 16
-94 98 -44
3 -31 32
-12 51 -90
-84 91 -99
-77 68 19
36 8 -88
-72 -47 -63
48 -16 85
36 73 -83
31 -76 -87
-73 -62 4
75 -17 -29
-72 80 -78
-42 -10 -26
17 -62 51
-9 -26 -19
44 -33 -10
48 86 -54
34 17 -31
-41 -86 -27
-11 -77 86
-24 20 -1
-76 25 96
45 -33 -2
-31 58 -42
52 -83 39
-61 -25 -68
55 -30 66
26 -46 65
-38 -97 -71
-53 -51 77
-66 -34 98
-22 90 88
-15 -56 -59
-74 -90 91
-50 -27 -47
53 -36 79
-94 -95 -43
-50 5 -5
-23 -18 32
-8 -90 34
50 -29 84
78 56 -27
-49 -24 -15
39 -2 -26
-89 -52 -37
48 -35 16
54 65 -100
7 -71 30
43 29 -95
81 -72 -74
91 -39 94
66 84 49
-65 -18 -19
23 -89 -35
20 -65 -51
12 16 19
-75 82 94
-34 -47 58
-53 53 94
36 54 70
-14 33 32
23 69 16
95 -86 57
-90 -74 78
-81 88 42
-57 -68 -28
-14 -82 -83
-10 62 -31
-20 -40 -67
72 100 42
-44 -39 86
-86 59 -93
97 -63 -40
62 -52 23
97 -42 49
11 -12 34
59 80 83
74 29 -14
-70 6 -39
-77 -31 -47
58 71 -85
-47 88 -61
84 -68 -46
41 -81 -58
66 -65 82
-48 9 34
3 24 -49
51 93 11
-29 -36 18
21 -28 -85
13 -17 -2
-27 -18 18
73 -24 45
81 -33 -19
61 45 -51
-9 71 -70
-39 -99 -11
39 -36 57
-40 0 -17
-88 -53 72
13 -91 -81
-73 20 -12
13 73 -95
18 -72 -55
-91 50 -100
41 -58 4
-98 -21 65
91 -87 21
-93 92 78
83 -10 23
-52 -31 99
-54 -60 43
-17 -27 14
65 0 -31
-65 -17 -50
53 10 85
-37 -78 -10
-10 -37 -59
-21 -85 30
-40 74 72
-16 -67 -38
29 70 56
21 -74 71
-10 -35 -3
-49 35 33
92 -98 -47
33 -76 -96
82 95 -27
45 -2 70
-23 -42 -63
-61 -27 -57
-45 10 -42
84 -47 24
99 -31 26
88 -23 78
-77 83 10
-88 -93 81
25 -73 -79
-91 43 41
-16 47 -8
-18 -96 -23
-74 45 -17
53 1 33
24 -52 -63
-18 92 40
95 90 26
24 19 44
-60 14 -13
79 99 49
-89 -41 91
81 -82 46
-8 86 -58
60 90 -41
-40 -58 98
-89 -19 -76
-71 10 86
-90 -48 -10
53 72 -86
26 86 -59
46 -98 -25
3 9 -74
-18 -39 6
80 19 -39
50 57 53
-14 50 -59
15 46 75
61 21 -44
68 -14 -90
-31 -45 95
-92 -78 31
-72 -62 56
-77 -18 -70
36 -49 -56
-31 61 -78
70 -78 -87
46 8 52
-50 -93 98
-31 -9 -5
-19 -6 35
100 72 -61
-32 -51 55
81 -84 7
69 -51 -45
86 -79 -93
70 62 -70
-3 -92 67
-82 13 44
9 88 30
-85 -79 15
-96 79 -5
-42 54 19
17 -30 90
63 -90 -36
66 23 17
-81 -98 -46
-86 65 -43
-54 -40 -21
-53 -51 -62
30 74 -70
5 -81 -4
48 17 -50
-63 73 -2
-3 -73 -66
-86 7 -70
-65 47 -74
-10 -1 -36
64 66 -83
58 -39 -36
45 -84 -39
4 43 -92
54 -86 88
-52 93 -13
74 49 -100
-54 27 -97
-55 -96 43
89 32 -21
26 36 46
23 -28 15
48 -7 -6
30 43 96
-52 53 48
56 62 -93
-20 96 -13
-13 32 -20
40 -70 54
-87 4 53
89 76 -13
86 -36 94
49 8 -2
5 -89 33
59 -96 21
-38 17 -82
-78 77 -34
87 -21 91
61 -13 -64
-17 -1 -85
28 -80 11
-21 37 -55
-15 13 -42
44 28 -12
-81 21 14
19 -41 -31
78 -12 12
-24 -39 -61
-82 -18 2
90 -97 13
-5 -40 -89
-72 60 1
-70 65 92
-55 -62 -39
27 60 17
-55 -64 -12
-33 86 -45
19 -24 -61
-18 -47 88
47 -69 62
77 -74 -17
95 76 90
-20 62 99
52 -1 -47
90 -57 -73
-50 -42 20
-59 -41 -6
56 -54 -42
51 67 -1
-84 -59 77
5 -49 16
-93 -18 -61
-96 89 34
45 -55 6
26 22 -12
53 80 -6
21 -39 30
-38 -62 -11
70 -50 67
-95 -100 51
34 3 -36
80 -98 -46
25 -56 76
-43 96 -94
74 57 -73
30 12 -92
-76 36 -48
88 -90 9
29 -16 -77
77 -77 91
32 46 42
-18 86 -50
97 -43 15
-72 19 61
51 -2 -25
21 23 -84
-23 -57 71
37 -40 -50
60 -5 27
-77 -61 21
-54 98 16
49 72 -90
57 -25 -50
-43 -90 81
-17 -2 93
-44 -53 -31
3 10 -10
-43 -78 -35
-64 -49 -65
-90 -63 5
64 79 -41
18 31 94
24 2 -81
10 93 52
-40 -68 -75
19 -93 84
-82 -61 77
59 97 -31
-16 59 96
-51 -31 -56
93 -11 53
89 -68 96
58 -29 72
19 67 100
99 78 -33
-16 -25 28
-97 10 33
-57 -70 44
41 -49 38
-50 -4 24
36 31 95
49 6 0
65 -81 54
-44 -23 15
-27 15 -55
-6 -19 50
97 18 -52
85 75 -34
-21 15 71
13 -63 -77
-90 6 91
-97 96 1
-55 -5 -88
52 24 -23
16 37 28
-69 -78 67
30 43 8
72 -100 41
35 -11 37
41 68 -49
15 -98 -16
7 -85 38
10 -16 -18
-32 41 -19
-20 -37 27
-99 -88 -68
57 34 -4
25 -24 -44
-53 38 0
64 -97 33
27 79 -75
-31 -87 87
-58 -48 -42
-97 69 -5
-13 72 -33
77 100 15
-14 32 38
35 8 -21
75 -99 83
90 -86 70
45 -1 66
79 84 64
31 45 -10
21 51 -38
14 -91 -54
31 34 -98
-70 -17 -25
-9 -92 -58
-50 6 61
-17 -56 75
53 81 -49
-9 26 -71
-9 74 -33
24 -94 1
-49 -22 42
-100 95 10
-41 -16 97
34 94 39
-17 -90 -36
83 2 82
40 -33 -17
26 -78 18
38 55 -23
-9 -87 39
-77 -36 31
-85 76 -53
-70 -84 54
48 -14 -29
21 -63 34
74 73 -4
-90 40 -73
61 -40 -30
-67 97 -65
37 -11 -75
19 27 -76
-56 9 -71
63 -37 0
51 72 -43
6 -83 90
61 59 -56
81 -14 85
-30 -98 79
85 -33 -94
7 98 73
71 39 -70
-22 -6 27
21 53 -49
-83 -81 15
-28 48 56
10 -97 64
18 49 -32
42 27 -97
17 -18 -20
-37 -8 56
51 55 -27
41 24 -68
30 -96 -6
21 -35 -67
-73 48 76
-17 -51 65
41 24 71
98 -83 -88
52 -65 -38
-11 -36 -13
-66 74 -72
-68 46 74
35 79 -1
40 95 74
-45 2 99
31 100 -57
64 -61 -84
-91 52 -71
-57 -19 -35
58 23 67
41 -96 74
-99 92 76
94 -24 -57
25 -13 10
-98 -52 -3
-25 -31 -30
-72 22 60
-7 47 -94
52 100 19
12 -17 -6
-4 -91 75
100 -15 -4
-10 75 -89
-83 -15 -55
-15 -26 13
-14 97 -17
27 6 84
-99 70 54
94 -88 -29
-82 -74 45
21 89 -2
60 -73 39
-57 81 -61
51 90 1
23 24 -93
-70 -67 -53
36 5 12
73 -23 14
8 9 -12
-87 55 -68
46 33 2
-38 75 -96
-38 -59 -81
95 53 87
45 59 -55
18 -66 63
-16 -95 -73
33 -28 -4
-23 49 -94
24 80 -7
-51 13 -70
-70 83 -100
-20 31 37
86 -23 79
75 -14 -50
26 4 -50
83 -19 79
62 -41 33
67 -2 -86
-65 74 -25
-96 4 27
-12 -88 72
-53 -91 -14
90 -37 -95
22 96 38
99 -65 -89
37 -92 22
73 89 37
-24 -76 97
-70 17 -30
-25 87 -10
34 89 -13
-91 83 -24
55 -38 6
-24 5 -68
-78 19 1
11 -54 -52
-27 -64 -72
-62 -45 -94
-34 -4 82
-95 16 63
97 98 -60
-94 51 47
-77 -64 -61
-14 89 -3
95 22 -97
67 35 -95
28 -13 -33
-44 68 73
-25 77 -68
98 80 -82
38 86 30
-81 -95 -88
-58 89 14
51 87 -59
-55 -5 -19
-22 -8 46
-81 22 -65
5 15 51
-94 59 15
25 -88 -12
-53 -36 74
-3 92 -13
1 76 -31
78 -39 -51
23 -4 13
-70 -20 63
56 -46 73
-96 43 -46
-51 -88 81
-14 -75 0
87 70 53
59 -64 -84
34 69 48
13 -57 83
37 56 -98
-59 -44 -51
-71 -59 -5
-70 14 -29
-78 1 66
-73 -9 -23
-55 -11 -95
-72 10 76
30 -63 94
21 36 -59
3 80 74
65 10 -26
48 24 44
-87 -53 25
39 80 77
-70 -30 1
7 -27 -37
62 27 -39
87 17 -23
-76 -92 26
58 -48 -81
48 -25 -60
50 -41 -54
69 40 -57
51 1 42
-4 61 49
-67 100 -57
34 66 -19
48 23 -50
64 35 -49
-46 -64 22
73 61 93
-69 -49 -40
55 11 -92
98 -88 -7
11 -24 14
25 -19 18
69 -26 -56
-16 -90 -49
-36 85 49
24 -75 32
88 5 41
-31 71 -4
18 12 63
-42 -15 63
74 -21 -10
-90 -20 51
-86 95 61
87 28 19
19 -4 -43
85 51 -19
96 51 -74
-1 -62 82
-76 -26 -39
-83 37 24
7 -82 -33
-98 -77 10
100 77 75
32 15 75
20 -31 -12
-74 4 53
-14 2 -75
43 -25 27
16 -90 -77
0 36 -89
92 -5 8
3 48 59
30 4 -10
78 46 21
80 26 -28
22 1 31
22 -59 -28
82 46 33
-40 -52 -91
-15 65 36
54 -49 -73
100 52 73
-3 -36 98
-71 -56 32
79 -94 -99
-10 48 -36
-72 -45 56
14 -43 93
72 51 -37
67 88 43
50 58 36
68 100 -38
-43 19 51
15 -97 -40
53 90 93
66 -9 79
-99 39 18
61 -59 21
61 -93 -41
-7 30 70
45 -50 -89
60 6 54
-76 34 9
78 -65 -39
66 12 -24
11 -95 -17
34 -64 -44
-56 -89 -91
-88 14 -18
-41 -63 98
-14 -84 87
-92 -21 -13
-52 -83 -4
-27 85 59
57 -72 30
58 62 -37
93 -87 -92
-49 -42 -69
46 -10 0
23 -43 -99
-4 -54 -36
-97 93 16
32 5 76
-72 43 71
-95 23 -54
-37 70 57
-60 71 -71
54 72 86
73 17 22
-67 98 56
41 -5 29
-1 -76 -64
25 23 17
-47 -2 -34
-56 -47 61
-17 -23 99
-99 24 37
-97 -75 24
-92 91 56
-48 -18 82
28 57 78
1 95 -99
-44 -1 -32
-78 -58 -20
-61 40 -21
-42 98 59
39 59 -34
-82 51 80
-64 17 -55
-52 72 38
73 13 25
-79 94 29
-19 -50 -63
-2 0 96
-88 42 -51
-14 45 76
-43 -73 6
19 -77 77
-80 -88 37
-12 -87 47
-94 65 -91
21 -99 17
-89 99 -77
71 36 -71
-43 -34 30
-17 -89 11
-71 -70 39
-94 -23 2
60 94 -60
1 88 36
52 0 -69
54 -69 97
25 -66 1
26 51 -37
91 98 79
35 -81 -75
41 -83 14
8 -73 5
-66 -88 24
-68 11 -74
96 7 42
-50 3 -39
28 -69 40
-20 36 7
-20 75 -27
76 15 -50
-14 -38 55
87 -98 -41
55 -2 83
84 -44 -91
20 3 -12
-38 15 -29
-50 -82 -70
-15 -74 -22
-11 89 46
98 -92 32
-59 43 5
45 -69 34
61 -77 -63
89 -69 -31
64 58 -32
88 90 -21
30 99 -22
-32 21 -40
-91 1 35
94 -89 -69
12 -60 -7
-80 69 45
14 -53 -89
61 49 30
17 97 -8
-62 -25 -48
65 19 -22
-44 -97 61
-84 -99 50
-2 29 58
61 -13 29
37 78 -74
-31 24 72
98 -79 -41
-9 34 43
-40 -71 96
39 -100 -54
86 -23 -24
12 4 -26
-20 91 -35
6 67 -49
16 -91 -48
50 14 -17
-43 -71 41
-81 -25 12
93 -81 59
-60 -76 57
-68 -95 -4
-63 -39 -33
88 -24 -3
-87 83 -12
69 46 -47
63 80 -35
-82 62 -94
-29 -41 60
-97 -4 19
-23 66 32
-99 17 67
-14 -97 -87
89 -89 -82
-91 -14 82
4 47 -16
-29 -2 -95
62 -17 -29
-62 -22 99
-54 -74 -96
52 51 41
-43 3 74
-47 -97 77
89 97 -35
-36 -75 -30
35 -39 70
-3 9 -1
50 -31 -77
-96 91 -58
-50 64 13
-58 22 -87
-70 -39 70
35 86 53
72 65 -61
-63 39 43
-1 45 21
40 -37 -38
64 -72 26
-57 66 -5
71 -44 78
100 -52 -57
-99 -2 41
87 43 62
67 95 -45
-29 65 -72
-15 -41 -32
-75 -89 3
8 -50 -23
-39 66 -98
-29 -12 59
-24 97 43
-45 -18 -90
-69 61 8
-83 -61 11
56 -74 -89
-90 -69 1
76 51 56
-21 -92 18
-87 35 -15
9 -58 96
93 -96 -24
49 -3 41
13 -93 -99
50 0 -78
14 1 11
-99 -79 -13
80 8 -79
-13 20 64
-64 59 19
19 29 -84
-6 -92 -76
-90 -59 57
66 5 -10
-99 18 -50
65 -63 74
96 -28 -58
19 -27 96
78 -50 -55
20 65 -24
-81 -38 56
56 -44 -97
-72 91 -86
76 41 35
51 36 -64
-99 -28 82
2 99 -16
40 70 17
75 97 16
-74 -47 30
-1 64 30
54 55 -5
-62 47 34
96 13 -52
57 88 53
-15 40 56
-13 91 -86
65 -10 96
21 -2 -64
99 70 -53
-32 32 34
-79 -39 88
93 -75 19
3 15 -36
76 9 -54
71 -42 35
32 -71 2
16 -71 -83
78 -39 -97
-54 6 -75
-35 23 -50
-60 -100 -48
30 7 67
-46 33 -26
49 -76 69
-15 60 -50
-58 -64 98
-52 16 36
64 -23 18
46 57 -26
46 -62 -96
12 -68 19
53 -89 -88
-1 9 -72
-90 22 64
76 82 -23
-100 -58 100
-13 -27 -45
94 -28 31
26 35 -54
82 28 6
-74 31 -15
-57 42 27
-29 71 -91
61 72 19
52 -41 0
-82 -34 -94
85 -86 -15
-30 56 42
-60 17 -29
36 -79 -21
79 8 82
-3 -90 46
91 99 70
15 -23 4
-27 -62 -34
40 -93 97
47 -68 59
-97 -48 73
24 -25 68
-72 11 38
-79 -34 96
-12 12 80
93 81 15
-19 82 -34
19 95 -6
18 -4 74
-39 -42 46
16 -35 -73
-82 29 28
94 0 54
8 98 -85
-41 -56 -24
-93 99 -69
27 16 -98
-58 -26 62
14 -96 59
15 -68 41
33 34 81
-6 -8 28
-97 8 -14
-22 -5 50
-24 16 -64
-73 -37 -19
-63 -79 -39
11 1 82
-50 -22 -94
4 0 14
-2 38 39
53 -2 96
66 -93 21
-64 -54 -96
86 -91 -67
-68 38 -41
40 -68 55
-92 -3 31
-21 19 -85
-43 7 59
32 -39 -33
71 -40 44
-4 96 94
70 -29 -93
31 86 -79
-93 93 0